"world.dat" <-
structure(list(x = c(-131, -130.7, -130, -128.7, -128.1, -127, 
-126.6, -128, -127.9, -127.5, -126.6, -125.5, -125.2, -123.7, 
-123.5, -124.8, -124.7, -123.2, -122.4, -123.8, -124.6, -124, 
-124, -124.1, -124.2, -124.5, -124.3, -124.2, -124.1, -124.4, 
-123.9, -123.7, -123, -122.5, -122.2, -122, -122.5, -122.4, -121.8, 
-122, -121.5, -120.9, -120.6, -120, -119, -118.4, -117.5, -117, 
-116.7, -116.3, -116, -115.8, -115.7, -114.6, -114.2, -115.1, 
-113.7, -113, -112.1, -111.8, -110.7, -110.1, -109.5, -109.8, 
-110.3, -110.7, -111.4, -112, -112.9, -113.1, -113.6, -114.3, 
-114.5, -114.7, -114.8, -114, -113.1, -112.8, -112.2, -111.2, 
-110.7, -109.8, -109.5, -108.7, -108, -106.9, -106, -105.6, -105.3, 
-105.6, -105.4, -105.6, -105, -103.7, -103, -102, -101.7, -100, 
-98.8, -98.6, -97.8, -97.4, -96.9, -96.3, -95.7, -95.1, -94.4, 
-93.7, -93.1, -92.5, -91.9, -91.2, -90.5, -89.9, -89.5, -88.8, 
-87.9, -87.9, -87.7, -87.6, -87.6, -87.5, -87.4, -87.7, -87.6, 
-87.2, -86.7, -86.2, -85.7, -85.9, -85.7, -85.8, -85.8, -85.4, 
-85.1, -84.9, -85.3, -84.8, -84.7, -84.2, -83.6, -83.8, -83.3, 
-83.5, -83.5, -83.2, -83, -82.9, -82.2, -81.6, -81.2, -80.9, 
-80.4, -80, -80.5, -80.2, -79.8, -79.6, -79, -78.4, -78.3, -78.3, 
-77.7, -77.5, -77.5, -77.4, -77.4, -77.5, -77.4, -77.3, -77.5, 
-77.1, -77.7, -78, -78.5, -78.5, -78.8, -78.8, -79.5, -80, -80.4, 
-80.5, -80.9, -80.9, -80.8, -80.7, -80.3, -80, -79.7, -80, -80.8, 
-81.3, -81.4, -81.2, -81, -81.1, -80.8, -79.9, -79.6, -79.1, 
-78.7, -78.6, -78.2, -77.7, -77.3, -77.2, -77, -76.8, -76.5, 
-76.2, -76.3, -75.9, -75.2, -74.7, -73.8, -72.9, -72.8, -71.9, 
-71.5, -71, -70.3, -70.3, -70.2, -70.2, -70.1, -70.2, -70.5, 
-70.7, -70.4, -70.5, -70.5, -70.7, -70.7, -70.8, -70.9, -71.2, 
-71.6, -71.3, -71.7, -71.7, -71.6, -71.5, -71.6, -71.8, -71.6, 
-72, -72.2, -72.4, -72.5, -72.8, -73.2, -73.3, -73.7, -73.7, 
-73.5, -73.2, -73.4, -73.7, -74, -73.7, -74, -74.2, -74.2, -73.7, 
-73.4, -73.1, -72.9, -73.1, -73.6, -74.1, -74.5, -74.5, -74.7, 
-75.1, -75.7, -75.1, -74.2, -74.8, -75.2, -75.7, -75.7, -75.6, 
-75, -75.5, -75.3, -75, -75.2, -75.2, -75.1, -75.1, -74.7, -74.1, 
-73.3, -74.7, -73.9, -73.4, -72.7, -72, -72.5, -71, -70.5, -70.1, 
-69.1, -68.5, -68, -68.5, -67.5, -67, -66.8, -66.2, -65.7, -65.3, 
-65.2, -66.3, -66.8, -67.5, -68, -68.6, -68.2, -68.8, -69.5, 
-69.1, -68.5, -68.7, -69.1, -69, -67.9, -67.7, -67.4, -67.1, 
-66.7, -66.1, -65.9, -65.7, -66.3, -67.1, -67.5, -67.4, -67, 
-66.4, -65.6, -65.8, -65.2, -65, -65, -64.2, -63.6, -63.8, -64, 
-64.6, -64.9, -65, -64.9, -63.7, -62.3, -62.5, -62.1, -62.3, 
-62.1, -61.4, -60.6, -59.2, -58.1, -57.5, -56.6, -57.1, -57.1, 
-57.9, -58.5, -58, -57.4, -56.8, -56.1, -54.9, -54.1, -53.5, 
-53, -52.5, -51.8, -50.8, -50.3, -49.9, -49.1, -48.7, -48.7, 
-48.7, -48.5, -48.4, -47.9, -47, -46.6, -46.2, -45.2, -45.4, 
-44.6, -44.7, -44.1, -43.5, -42.5, -42, -41.3, -41, -40.8, -40.3, 
-40, -39.6, -39.7, -39.2, -39.2, -39, -38.9, -39, -38.9, -38.8, 
-38.5, -38, -37.4, -36.8, -36, -35.2, -34.9, -35, -35.1, -35.6, 
-36.6, -37.1, -37.8, -38.5, -39.5, -40.5, -41.3, -41.8, -42.3, 
-43.1, -43.9, -44.4, -44.6, -45.4, -46.4, -47.4, -48.3, -48.8, 
-48.5, -48.8, -49.6, -50.3, -50.7, -50.8, -49.9, -50, -50.7, 
-51, -51.1, -51.5, -51.8, -52.7, -53, -53.9, -54, -55.1, -55.9, 
-56.4, -57.2, -57.5, -58.3, -58.5, -58.7, -59.7, -60.4, -60.7, 
-60.7, -61.2, -61.8, -62.3, -62.9, -61.9, -62.2, -63.3, -64.3, 
-63.7, -64.2, -64.7, -65.3, -66.1, -66.6, -67.6, -68.3, -68.5, 
-69.3, -69.8, -70.1, -70.3, -69.7, -70.5, -71.5, -71.3, -71.1, 
-71.7, -72.1, -71.6, -71.7, -72, -71.1, -71.7, -72.2, -72.7, 
-73.4, -74, -74.3, -74.5, -75.3, -75.5, -75.6, -76.1, -76.6, 
-76.9, -76.7, -77, -77.8, -78.5, -79.1, -79.9, -80, -80.2, -80.7, 
-81.6, -81.8, -82.4, -82.6, -83.1, -83.6, -83.9, -83.7, -83.5, 
-83.5, -83.2, -83.1, -83.9, -84.7, -85.2, -86, -86.5, -87.5, 
-88.1, -88.6, -88.7, -88.3, -88.2, -88.1, -88.4, -88, -87.9, 
-87.7, -87.5, -87.6, -87.4, -87.7, -87.5, -86.9, -86.9, -87.1, 
-88, -88.7, -89.1, -90.2, -90.5, -90.7, -91, -91.3, -91.6, -91.8, 
-92.3, -92.9, -94, -94.7, -95.6, -95.9, -96.3, -96.8, -97.4, 
-97.7, -97.7, -97.7, -97.7, -97.4, -97.1, -97.4, -97.4, -96.8, 
-96, -95.1, -95.1, -94.7, -94.2, -93.2, -92.1, -91.9, -91.2, 
-90.9, -90.2, -90, -89.5, -89, -89.6, -89.5, -89.7, -90.4, -90, 
-89.4, -88.4, -88, -87.7, -86.7, -85.8, -85.4, -85, -84.3, -84, 
-83.1, -82.7, -82.9, -82.7, -82.7, -82.2, -82, -81.8, -81.7, 
-81.2, -80.8, -80.5, -80.2, -80, -80.4, -80.6, -81.1, -81.4, 
-81.3, -81, -80.5, -80, -79.2, -78.5, -77.8, -77, -76.3, -76.5, 
-76.5, -75.7, -75.6, -76.7, -75.8, -75.9, -76.3, -76.3, -76.5, 
-76, -76.2, -76.3, -75.9, -75.7, -76, -75.6, -75.1, -75.5, -75.6, 
-74.9, -74.5, -74, -74.1, -74, -73, -72, -72.5, -72.6, -73.7, 
-73.7, -72.5, -71.5, -71.1, -70.7, -70, -70.1, -70, -70.6, -71, 
-70.8, -70.4, -69.5, -69, -67.7, -67, -65.8, -64.6, -64.8, -64.2, 
-64, -64.3, -64.9, -66, -66, -65.3, -64.3, -64, -63.5, -62.3, 
-61, -61, -59.9, -60.5, -60.6, -61.2, -61.5, -61.9, -63.2, -63.8, 
-64.7, -64.9, -65, -64.5, -65.7, -65.8, -65.9, -64.8, -64.1, 
-65.4, -67, -68.5, -69.6, -70.5, -70.8, -69.9, -69.2, -68.6, 
-68, -67.1, -66.5, -65, -63.5, -62.1, -60.8, -59.5, -58.7, -58, 
-57.1, -56.8, -55.8, -55.9, -56.6, -57.3, -57.6, -58.1, -58.3, 
-58.8, -59, -59.4, -59.9, -60.1, -60.4, -60.1, -59.9, -59.3, 
-58.9, -58.4, -58, -57.5, -57.4, -57.3, -57.7, -57.9, -58.1, 
-58.4, -58.8, -59, -59.1, -59.3, -59.5, -59.6, -60, -59.8, -60, 
-60.4, -60.4, -60.3, -60.5, -60.8, -61, -61.4, -61.6, -62, -61.9, 
-61.6, -61.7, -61.8, -61.4, -61.6, -61.8, -62.2, -61.8, -61.9, 
-62.1, -62.5, -62.4, -62.9, -62.6, -62.8, -63.2, -62.9, -63, 
-62.8, -63.1, -63.1, -63.6, -63.4, -63.5, -63.7, -63.7, -63.6, 
-64, -64.1, -64.1, -64.3, -64.5, -64.7, -65, -65.5, -65.1, -65.7, 
-65.6, -66, -66.6, -67, -67.7, -67.8, -68.2, -68.3, -69, -69.5, 
-69.2, -69.2, -69.7, -69.6, -69.7, -69.5, -69.7, -69.6, -69.7, 
-69.6, -69.4, -69.5, -69.7, -70, -70.1, -70.4, -71.4, -71.7, 
-71.8, -71.8, -72, -72.6, -73, -73.5, -73.8, -74.3, -74.7, -75, 
-75.7, -76.5, -77.4, -78, -78.2, -77.9, -77.7, -77.8, -77.8, 
-77.8, -77.6, -77.3, -77.5, -77.8, -77.9, -78, -78.5, -78.3, 
-77.6, -77, -76.7, -76.6, -76.6, -76.7, -76.4, -75.9, -76.7, 
-77, -77.7, -78.5, -79.5, -79.5, -79.2, -79, -78.9, -78.7, -78.7, 
-78.7, -78.8, -79, -79.3, -79.6, -80, -80.5, -80.8, -81.4, -81.5, 
-81.7, -82.3, -82.1, -82.1, -82.4, -82.2, -82.7, -83, -83.8, 
-84.4, -85.3, -86, -87, -87.8, -88.4, -89.4, -90.2, -91, -92, 
-92.5, -92.5, -92.5, -93, -93.6, -94, -94.4, -94.8, -94.5, -93.8, 
-93.5, -93.5, -92.8, -92.6, -91.9, -92.2, -92, -91, -90.6, -91.1, 
-91.7, -91, -90.2, -89.8, -89, -88.2, -87.8, -87.5, -87, -86.9, 
-87.4, -88.2, -89, -89.8, -90.3, -89.6, -89, -88.3, -87.6, -87, 
-86.3, -86.3, -86.5, -85.7, -85.2, -84.8, -84, -83.3, -83.5, 
-84.3, -84.1, -83.9, -83.8, -83.8, -83, -82.6, -82, -81.5, -81.1, 
-82, -82.5, -81.8, -81.2, -81.7, -81.5, -81.3, -82, -82.4, -82.9, 
-83.7, -84.5, -85.3, -85.4, -84.9, -85, -85, -85.6, -85.7, -86, 
-86.4, -86.6, -86.8, -86.5, -87, -87.5, -88.3, -88.3, -88.1, 
-87.8, -87.9, -88.4, -89, -89.4, -89.6, -90, -90.2, -90.4, -90.4, 
-90.6, -91, -90.9, -90.7, -90.2, -90.3, -90.9, -91.4, -92, -92.6, 
-92, -91.6, -92, -92.5, -93, -92.9, -93, -93.8, -94, -94.3, -93.6, 
-93.5, -92.5, -91.5, -90.5, -90.5, -91.5, -92, -93, -94, -95, 
-95.2, -95.9, -95.7, -95.3, -95.3, -95.5, -96, -96.5, -96.6, 
-96.4, -95.5, -94.5, -93.7, -94, -94.4, -94.7, -94, -93.8, -94, 
-95, -95.5, -95.5, -96.3, -96.1, -95.6, -96, -97, -98, -98.5, 
-99.5, -99, -98, -98.5, -98.8, -99.5, -100.5, -101.5, -103, -104, 
-104.7, -105.3, -106, -107, -108, -108.5, -108.4, -107.5, -106.5, 
-106.5, -107.5, -107.9, -107.3, -108, -109, -109.5, -110.5, -111.5, 
-112.5, -113.5, -114.5, -115.3, -115.2, -114.5, -114.8, -115.5, 
-116.5, -117.5, -118.5, -119, -120, -121, -122, -123, -124, -124.2, 
-124.8, -125.3, -126, -127, -128, -128.5, -129, -130, -130, -129.5, 
-130.5, -131.5, -132.5, -133.5, -134, -134.5, -135.5, -136, -137, 
